|    2     0     2 |
|    0     0     0 |
|    0     0     0 |
3 4
|    0     0     4 |
|    0     2     0 |
|    0     0     0 |
2 4
|    0     2     0 |
|    0     0     0 |
|    0     2     4 |
2 8
|    0     0     2 |
|    0     0     0 |
|    0     4     4 |
3 16
|    0     0     2 |
|    0     0     0 |
|    2     0     8 |
2 16
|    0     2     0 |
|    0     0     2 |
|    2     0     8 |
2 16
|    2     0     0 |
|    0     0     2 |
|    2     2     8 |
3 20
|    2     0     2 |
|    0     0     2 |
|    0     4     8 |
2 24
|    2     0     0 |
|    0     0     4 |
|    2     4     8 |
1 24
|    2     0     0 |
|    4     2     0 |
|    2     4     8 |
3 24
|    2     0     2 |
|    0     4     2 |
|    2     4     8 |
2 40
|    0     0     2 |
|    0     0     4 |
|    4     8     8 |
1 56
|    2     0     2 |
|    4     0     0 |
|    4    16     0 |
2 64
|    0     0     2 |
|    2     0     0 |
|    8    16     2 |
2 68
|    2     0     0 |
|    2     0     0 |
|    8    16     4 |
2 72
|    0     2     0 |
|    4     0     0 |
|    8    16     4 |
3 72
|    2     0     2 |
|    0     0     4 |
|    8    16     4 |
1 76
|    4     0     2 |
|    4     0     0 |
|    8    16     4 |
3 76
|    2     4     2 |
|    0     0     4 |
|    8    16     4 |
2 84
|    2     0     0 |
|    2     4     2 |
|    8    16     8 |
2 88
|    4     0     0 |
|    4     4     2 |
|    8    16     8 |
1 96
|    4     4     0 |
|    8     2     0 |
|    8    16     8 |
2 112
|    0     4     0 |
|    4     2     2 |
|   16    16     8 |
3 148
|    2     0     4 |
|    0     4     4 |
|    0    32     8 |
2 156
|    0     0     0 |
|    4     4     8 |
|    2    32     8 |
2 172
|    0     0     2 |
|    4     4     0 |
|    2    32    16 |
1 180
|    2     0     0 |
|    8     0     2 |
|    2    32    16 |
3 180
|    0     0     2 |
|    4     8     2 |
|    2    32    16 |
2 184
|    2     0     0 |
|    4     8     4 |
|    2    32    16 |
3 184
|    0     4     2 |
|    4     8     4 |
|    2    32    16 |
1 184
|    4     2     2 |
|    4     8     4 |
|    2    32    16 |
2 192
|    2     2     2 |
|    8     8     4 |
|    2    32    16 |
3 212
|    0     2     4 |
|    2    16     4 |
|    2    32    16 |
2 224
|    0     2     4 |
|    0    16     8 |
|    4    32    16 |
1 224
|    2     4     0 |
|   16     8     2 |
|    4    32    16 |
3 224
|    2     2     4 |
|   16     8     2 |
|    4    32    16 |
3 228
|    2     4     4 |
|   16     8     2 |
|    4    32    16 |
1 236
|    2     8     2 |
|   16     8     2 |
|    4    32    16 |
2 256
|    2     2     0 |
|   16    16     4 |
|    4    32    16 |
3 292
|    2     0     4 |
|    0    32     4 |
|    4    32    16 |
2 364
|    0     0     2 |
|    2     0     8 |
|    4    64    16 |
3 364
|    0     2     2 |
|    0     2     8 |
|    4    64    16 |
2 368
|    2     0     2 |
|    0     4     8 |
|    4    64    16 |
1 372
|    4     2     0 |
|    4     8     0 |
|    4    64    16 |
2 380
|    2     2     0 |
|    4     8     0 |
|    8    64    16 |
3 384
|    0     0     4 |
|    2     4     8 |
|    8    64    16 |
1 384
|    4     2     0 |
|    2     4     8 |
|    8    64    16 |
3 384
|    2     4     2 |
|    2     4     8 |
|    8    64    16 |
2 396
|    2     0     2 |
|    4     8     8 |
|    8    64    16 |
3 416
|    0     0     4 |
|    2     4    16 |
|    8    64    16 |
2 448
|    2     0     0 |
|    2     4     4 |
|    8    64    32 |
3 456
|    0     0     2 |
|    2     2     8 |
|    8    64    32 |
1 460
|    2     0     0 |
|    4     8     2 |
|    8    64    32 |
3 460
|    2     0     2 |
|    4     8     2 |
|    8    64    32 |
2 464
|    2     2     0 |
|    4     8     4 |
|    8    64    32 |
3 468
|    0     2     4 |
|    4     8     4 |
|    8    64    32 |
2 476
|    0     2     4 |
|    4     8     8 |
|    8    64    32 |
3 492
|    0     2     4 |
|    2     4    16 |
|    8    64    32 |
1 492
|    2     4     2 |
|    2     4    16 |
|    8    64    32 |
2 504
|    2     0     2 |
|    4     8    16 |
|    8    64    32 |
1 508
|    4     0     2 |
|    4     8    16 |
|    8    64    32 |
2 516
|    0     2     2 |
|    8     8    16 |
|    8    64    32 |
2 532
|    2     2     2 |
|    0     8    16 |
|   16    64    32 |
1 536
|    4     2     2 |
|    8    16     0 |
|   16    64    32 |
3 540
|    2     4     4 |
|    0     8    16 |
|   16    64    32 |
3 548
|    2     2     8 |
|    0     8    16 |
|   16    64    32 |
1 552
|    4     8     2 |
|    8    16     0 |
|   16    64    32 |
3 552
|    4     8     2 |
|    2     8    16 |
|   16    64    32 |
2 568
|    4     2     2 |
|    2    16    16 |
|   16    64    32 |
1 604
|    4     4     2 |
|    2    32     0 |
|   16    64    32 |
3 612
|    2     8     2 |
|    0     2    32 |
|   16    64    32 |
2 676
|    2     8     0 |
|    2     2     2 |
|   16    64    64 |
3 808
|    0     2     8 |
|    2     2     4 |
|    0    16   128 |
2 812
|    0     2     8 |
|    0     4     4 |
|    2    16   128 |
1 820
|    2     8     0 |
|    8     0     2 |
|    2    16   128 |
3 820
|    0     2     8 |
|    2     8     2 |
|    2    16   128 |
1 820
|    2     8     4 |
|    2     8     2 |
|    2    16   128 |
2 840
|    0     4     4 |
|    2    16     2 |
|    4    16   128 |
2 872
|    2     0     4 |
|    2     4     2 |
|    4    32   128 |
2 876
|    0     2     4 |
|    4     4     2 |
|    4    32   128 |
2 884
|    2     2     4 |
|    0     4     2 |
|    8    32   128 |
3 888
|    0     4     4 |
|    4     4     2 |
|    8    32   128 |
2 896
|    0     2     4 |
|    4     8     2 |
|    8    32   128 |
1 896
|    2     4     4 |
|    4     8     2 |
|    8    32   128 |
1 904
|    2     8     2 |
|    4     8     2 |
|    8    32   128 |
2 924
|    2     0     2 |
|    4    16     4 |
|    8    32   128 |
3 928
|    0     2     4 |
|    4    16     4 |
|    8    32   128 |
2 936
|    2     2     0 |
|    4    16     8 |
|    8    32   128 |
3 940
|    2     0     4 |
|    4    16     8 |
|    8    32   128 |
1 940
|    2     4     2 |
|    4    16     8 |
|    8    32   128 |
GAME OVER
|    0     0     0 |
|    0     0     0 |
|    0     2     2 |
3 4
|    0     0     0 |
|    0     2     0 |
|    0     0     4 |
2 4
|    0     2     0 |
|    0     0     0 |
|    0     2     4 |
2 8
|    0     0     2 |
|    0     0     0 |
|    0     4     4 |
3 16
|    0     0     2 |
|    0     0     0 |
|    2     0     8 |
2 16
|    0     2     0 |
|    0     0     2 |
|    2     0     8 |
2 16
|    2     0     0 |
|    0     0     2 |
|    2     2     8 |
3 20
|    2     0     2 |
|    0     0     2 |
|    0     4     8 |
2 24
|    2     0     0 |
|    0     0     4 |
|    2     4     8 |
1 24
|    2     0     0 |
|    4     2     0 |
|    2     4     8 |
3 24
|    2     0     2 |
|    0     4     2 |
|    2     4     8 |
2 40
|    0     0     2 |
|    0     0     4 |
|    4     8     8 |
3 56
|    0     0     2 |
|    0     0     4 |
|    2     4    16 |
1 56
|    2     0     0 |
|    4     0     2 |
|    2     4    16 |
3 56
|    2     0     2 |
|    0     4     2 |
|    2     4    16 |
2 72
|    0     0     0 |
|    2     0     4 |
|    4     8    16 |
3 72
|    2     0     0 |
|    0     2     4 |
|    4     8    16 |
2 72
|    0     0     2 |
|    2     2     4 |
|    4     8    16 |
3 76
|    0     0     2 |
|    2     4     4 |
|    4     8    16 |
1 84
|    2     2     0 |
|    2     8     0 |
|    4     8    16 |
2 104
|    0     2     0 |
|    4     2     0 |
|    4    16    16 |
3 136
|    4     0     2 |
|    0     4     2 |
|    0     4    32 |
2 148
|    4     0     0 |
|    0     0     4 |
|    4     8    32 |
3 148
|    0     0     4 |
|    2     0     4 |
|    4     8    32 |
2 156
|    0     4     0 |
|    2     0     8 |
|    4     8    32 |
2 156
|    0     2     0 |
|    2     4     8 |
|    4     8    32 |
3 156
|    0     2     2 |
|    2     4     8 |
|    4     8    32 |
3 160
|    0     4     4 |
|    2     4     8 |
|    4     8    32 |
2 168
|    2     0     4 |
|    2     8     8 |
|    4     8    32 |
2 188
|    0     4     4 |
|    4     0     8 |
|    4    16    32 |
2 196
|    2     0     4 |
|    0     4     8 |
|    8    16    32 |
1 196
|    2     4     2 |
|    4     8     0 |
|    8    16    32 |
2 196
|    2     4     2 |
|    4     8     2 |
|    8    16    32 |
2 200
|    2     4     2 |
|    4     8     4 |
|    8    16    32 |
GAME OVER
|    0     2     0 |
|    0     0     0 |
|    2     0     0 |
2 0
|    0     2     0 |
|    0     0     0 |
|    2     2     0 |
3 4
|    0     2     2 |
|    0     0     0 |
|    0     0     4 |
2 4
|    0     0     2 |
|    0     0     2 |
|    0     2     4 |
2 8
|    0     0     0 |
|    0     0     4 |
|    2     2     4 |
2 16
|    0     2     0 |
|    0     0     0 |
|    2     2     8 |
2 20
|    2     0     0 |
|    0     0     0 |
|    2     4     8 |
2 24
|    2     0     0 |
|    0     0     0 |
|    4     4     8 |
3 32
|    2     0     2 |
|    0     0     0 |
|    0     8     8 |
3 52
|    0     0     4 |
|    0     0     0 |
|    0     2    16 |
2 52
|    0     0     0 |
|    2     0     4 |
|    0     2    16 |
3 52
|    0     0     2 |
|    0     2     4 |
|    0     2    16 |
2 56
|    0     0     2 |
|    0     0     4 |
|    2     4    16 |
1 56
|    2     0     0 |
|    4     0     2 |
|    2     4    16 |
3 56
|    2     0     2 |
|    0     4     2 |
|    2     4    16 |
2 72
|    0     0     0 |
|    2     0     4 |
|    4     8    16 |
3 72
|    2     0     0 |
|    0     2     4 |
|    4     8    16 |
1 72
|    2     0     0 |
|    2     4     2 |
|    4     8    16 |
2 76
|    0     2     0 |
|    4     4     2 |
|    4     8    16 |
2 84
|    2     2     0 |
|    0     4     2 |
|    8     8    16 |
3 104
|    0     0     4 |
|    2     4     2 |
|    0    16    16 |
3 136
|    4     0     4 |
|    2     4     2 |
|    0     0    32 |
2 136
|    4     0     4 |
|    4     0     2 |
|    2     4    32 |
3 144
|    0     2     8 |
|    0     4     2 |
|    2     4    32 |
2 152
|    2     0     8 |
|    0     2     2 |
|    2     8    32 |
3 156
|    0     2     8 |
|    0     2     4 |
|    2     8    32 |
2 160
|    4     0     8 |
|    0     4     4 |
|    2     8    32 |
1 168
|    4     8     2 |
|    8     0     0 |
|    2     8    32 |
3 168
|    4     8     2 |
|    0     2     8 |
|    2     8    32 |
1 168
|    4     8     2 |
|    2     8     4 |
|    2     8    32 |
2 188
|    2     0     2 |
|    4     8     4 |
|    4    16    32 |
2 196
|    0     4     2 |
|    2     8     4 |
|    8    16    32 |
1 196
|    4     2     2 |
|    2     8     4 |
|    8    16    32 |
3 200
|    2     4     4 |
|    2     8     4 |
|    8    16    32 |
2 212
|    0     4     2 |
|    4     8     8 |
|    8    16    32 |
3 228
|    2     4     2 |
|    0     4    16 |
|    8    16    32 |
1 228
|    2     4     2 |
|    4    16     2 |
|    8    16    32 |
2 264
|    2     2     0 |
|    4     4     4 |
|    8    32    32 |
3 340
|    0     0     4 |
|    0     4     8 |
|    2     8    64 |
1 340
|    4     2     0 |
|    4     8     0 |
|    2     8    64 |
2 364
|    0     2     0 |
|    8     2     0 |
|    2    16    64 |
3 364
|    2     0     2 |
|    0     8     2 |
|    2    16    64 |
2 372
|    0     0     2 |
|    0     8     4 |
|    4    16    64 |
1 372
|    2     0     0 |
|    8     4     2 |
|    4    16    64 |
3 372
|    2     0     2 |
|    8     4     2 |
|    4    16    64 |
2 376
|    2     2     0 |
|    8     4     4 |
|    4    16    64 |
3 388
|    2     0     4 |
|    0     8     8 |
|    4    16    64 |
1 404
|    2     4     2 |
|   16     0     0 |
|    4    16    64 |
3 404
|    2     4     2 |
|    2     0    16 |
|    4    16    64 |
1 404
|    2     4     2 |
|    2    16     2 |
|    4    16    64 |
2 444
|    0     0     2 |
|    4     4     4 |
|    4    32    64 |
3 452
|    0     2     2 |
|    0     4     8 |
|    4    32    64 |
3 456
|    0     2     4 |
|    0     4     8 |
|    4    32    64 |
1 456
|    2     4     0 |
|    4     8     2 |
|    4    32    64 |
2 464
|    0     4     2 |
|    2     8     2 |
|    8    32    64 |
2 468
|    0     4     2 |
|    2     8     4 |
|    8    32    64 |
1 468
|    4     2     2 |
|    2     8     4 |
|    8    32    64 |
3 472
|    2     4     4 |
|    2     8     4 |
|    8    32    64 |
2 484
|    0     4     4 |
|    4     8     8 |
|    8    32    64 |
3 508
|    0     0     8 |
|    2     4    16 |
|    8    32    64 |
1 508
|    8     2     0 |
|    2     4    16 |
|    8    32    64 |
3 508
|    2     8     2 |
|    2     4    16 |
|    8    32    64 |
2 512
|    2     8     2 |
|    4     4    16 |
|    8    32    64 |
3 520
|    2     8     2 |
|    2     8    16 |
|    8    32    64 |
2 540
|    2     0     2 |
|    4    16    16 |
|    8    32    64 |
1 576
|    4     0     0 |
|    4    32     2 |
|    8    32    64 |
2 648
|    0     2     0 |
|    8     0     2 |
|    8    64    64 |
3 776
|    0     0     2 |
|    2     8     2 |
|    0     8   128 |
2 796
|    0     0     0 |
|    2     0     4 |
|    2    16   128 |
2 800
|    2     0     0 |
|    0     0     4 |
|    4    16   128 |
2 800
|    0     0     2 |
|    2     0     4 |
|    4    16   128 |
3 800
|    0     0     2 |
|    2     2     4 |
|    4    16   128 |
3 804
|    2     0     2 |
|    0     4     4 |
|    4    16   128 |
3 816
|    2     0     4 |
|    0     0     8 |
|    4    16   128 |
3 816
|    2     2     4 |
|    0     0     8 |
|    4    16   128 |
2 816
|    0     2     4 |
|    2     2     8 |
|    4    16   128 |
2 820
|    2     0     4 |
|    2     4     8 |
|    4    16   128 |
2 824
|    0     2     4 |
|    4     4     8 |
|    4    16   128 |
2 832
|    2     2     4 |
|    0     4     8 |
|    8    16   128 |
3 836
|    0     4     4 |
|    4     4     8 |
|    8    16   128 |
2 844
|    2     0     4 |
|    4     8     8 |
|    8    16   128 |
1 860
|    2     4     0 |
|    4    16     2 |
|    8    16   128 |
2 892
|    2     2     0 |
|    4     4     2 |
|    8    32   128 |
3 904
|    0     2     4 |
|    0     8     2 |
|    8    32   128 |
1 904
|    2     4     0 |
|    8     2     4 |
|    8    32   128 |
2 920
|    0     4     2 |
|    2     2     4 |
|   16    32   128 |
1 924
|    4     2     0 |
|    4     4     4 |
|   16    32   128 |
2 932
|    2     2     0 |
|    8     4     4 |
|   16    32   128 |
1 944
|    4     0     2 |
|    8     8     0 |
|   16    32   128 |
1 960
|    4     2     0 |
|   16     0     2 |
|   16    32   128 |
2 992
|    2     0     0 |
|    4     2     2 |
|   32    32   128 |
3 1060
|    2     0     2 |
|    0     4     4 |
|    0    64   128 |
3 1072
|    0     0     4 |
|    0     0     8 |
|    2    64   128 |
1 1072
|    4     0     2 |
|    8     0     0 |
|    2    64   128 |
3 1072
|    0     4     2 |
|    2     0     8 |
|    2    64   128 |
2 1076
|    0     2     2 |
|    0     4     8 |
|    4    64   128 |
1 1080
|    4     2     0 |
|    4     8     0 |
|    4    64   128 |
2 1088
|    0     2     0 |
|    4     8     2 |
|    8    64   128 |
3 1088
|    2     0     2 |
|    4     8     2 |
|    8    64   128 |
2 1092
|    2     2     0 |
|    4     8     4 |
|    8    64   128 |
3 1096
|    0     2     4 |
|    4     8     4 |
|    8    64   128 |
2 1104
|    0     2     2 |
|    4     8     8 |
|    8    64   128 |
1 1124
|    4     0     2 |
|    4    16     0 |
|    8    64   128 |
2 1132
|    0     0     2 |
|    8    16     2 |
|    8    64   128 |
2 1152
|    0     2     0 |
|    0    16     4 |
|   16    64   128 |
1 1152
|    2     0     0 |
|   16     4     2 |
|   16    64   128 |
2 1184
|    0     0     2 |
|    2     4     2 |
|   32    64   128 |
1 1184
|    2     2     0 |
|    2     4     2 |
|   32    64   128 |
2 1188
|    0     2     2 |
|    4     4     2 |
|   32    64   128 |
1 1200
|    4     0     0 |
|    8     2     2 |
|   32    64   128 |
1 1204
|    4     0     2 |
|    8     4     0 |
|   32    64   128 |
3 1204
|    4     4     2 |
|    0     8     4 |
|   32    64   128 |
1 1212
|    8     2     2 |
|    8     4     0 |
|   32    64   128 |
2 1228
|    2     2     0 |
|   16     4     2 |
|   32    64   128 |
1 1232
|    4     0     2 |
|   16     4     2 |
|   32    64   128 |
2 1236
|    4     2     0 |
|   16     4     4 |
|   32    64   128 |
1 1244
|    4     2     4 |
|   16     8     0 |
|   32    64   128 |
3 1244
|    4     2     4 |
|    2    16     8 |
|   32    64   128 |
GAME OVER
|    2     0     0 |
|    0     0     0 |
|    2     0     0 |
0 4
|    4     0     0 |
|    0     0     0 |
|    0     2     0 |
0 4
|    4     2     0 |
|    0     0     0 |
|    0     2     0 |
0 8
|    4     4     0 |
|    0     0     2 |
|    0     0     0 |
1 16
|    8     0     0 |
|    2     2     0 |
|    0     0     0 |
1 20
|    8     0     0 |
|    4     2     0 |
|    0     0     0 |
0 20
|    8     2     0 |
|    4     0     0 |
|    2     0     0 |
3 20
|    2     8     2 |
|    0     0     4 |
|    0     0     2 |
1 20
|    2     8     2 |
|    4     2     0 |
|    2     0     0 |
3 20
|    2     8     2 |
|    0     4     2 |
|    0     2     2 |
0 24
|    2     8     4 |
|    2     4     2 |
|    0     2     0 |
0 28
|    4     8     4 |
|    0     4     2 |
|    0     2     2 |
1 32
|    4     8     4 |
|    4     2     0 |
|    4     0     2 |
0 40
|    8     8     4 |
|    4     2     2 |
|    0     2     0 |
1 60
|   16     4     0 |
|    4     4     0 |
|    2     2     0 |
0 68
|   16     8     2 |
|    4     2     0 |
|    2     0     0 |
3 68
|   16     8     2 |
|    2     4     2 |
|    0     0     2 |
0 72
|   16     8     4 |
|    2     4     2 |
|    0     0     2 |
0 76
|   16     8     4 |
|    2     4     4 |
|    0     2     0 |
0 84
|   16     8     8 |
|    2     4     0 |
|    2     2     0 |
1 104
|   16    16     2 |
|    2     4     0 |
|    4     0     0 |
1 136
|   32     2     0 |
|    2     4     0 |
|    4     4     0 |
0 144
|   32     2     0 |
|    2     8     0 |
|    4     4     0 |
3 152
|    0    32     2 |
|    2     2     8 |
|    0     0     8 |
0 168
|    2    32     2 |
|    0     2    16 |
|    4     0     0 |
1 168
|    2    32     2 |
|    2    16     2 |
|    4     0     0 |
0 176
|    4    32     4 |
|    4    16     0 |
|    0     0     2 |
0 184
|    8    32     4 |
|    0    16     2 |
|    0     0     4 |
1 184
|    8    32     4 |
|   16     2     0 |
|    4     2     0 |
3 184
|    8    32     4 |
|    0    16     2 |
|    4     4     2 |
3 192
|    8    32     4 |
|    2    16     2 |
|    0     8     2 |
1 192
|    8    32     4 |
|    2    16     2 |
|    8     2     2 |
0 196
|    8    32     4 |
|    2    16     4 |
|    8     2     2 |
0 204
|    8    32     8 |
|    2    16     2 |
|    8     2     2 |
0 208
|    8    32     8 |
|    2    16     4 |
|    8     2     2 |
3 212
|    8    32     8 |
|    2    16     4 |
|    2     8     4 |
0 224
|    8    32     8 |
|    4    16     8 |
|    0     8     2 |
0 240
|    8    32    16 |
|    4    16     2 |
|    2     8     0 |
3 240
|    8    32    16 |
|    4    16     2 |
|    2     2     8 |
1 244
|    8    32    16 |
|    4    16     2 |
|    4     8     2 |
0 256
|    8    32    16 |
|    8    16     4 |
|    0     8     2 |
0 272
|   16    32    16 |
|    2    16     4 |
|    0     8     2 |
1 272
|   16    32    16 |
|    2    16     4 |
|    8     2     2 |
3 276
|   16    32    16 |
|    2    16     4 |
|    2     8     4 |
0 288
|   16    32    16 |
|    4    16     8 |
|    0     8     2 |
1 288
|   16    32    16 |
|    4    16     8 |
|    8     2     2 |
1 292
|   16    32    16 |
|    4    16     8 |
|    8     4     2 |
GAME OVER
|    0     2     2 |
|    0     0     0 |
|    0     0     0 |
3 4
|    0     0     4 |
|    0     2     0 |
|    0     0     0 |
3 4
|    0     2     4 |
|    0     0     2 |
|    0     0     0 |
2 4
|    0     0     2 |
|    0     0     4 |
|    0     2     2 |
0 4
|    0     2     2 |
|    0     0     4 |
|    2     0     2 |
3 12
|    0     0     4 |
|    0     0     4 |
|    2     0     4 |
2 20
|    2     0     0 |
|    0     0     4 |
|    2     0     8 |
2 24
|    2     0     0 |
|    0     0     4 |
|    4     0     8 |
3 24
|    2     0     2 |
|    0     0     4 |
|    0     4     8 |
3 28
|    0     0     4 |
|    2     0     4 |
|    0     4     8 |
2 36
|    0     0     0 |
|    2     0     8 |
|    2     4     8 |
2 56
|    0     0     2 |
|    0     0     0 |
|    4     4    16 |
3 64
|    0     0     2 |
|    0     0     2 |
|    0     8    16 |
0 68
|    0     8     4 |
|    0     2    16 |
|    0     0     0 |
2 68
|    2     0     0 |
|    0     8     4 |
|    0     2    16 |
3 68
|    0     0     2 |
|    2     8     4 |
|    0     2    16 |
2 68
|    2     0     2 |
|    0     8     4 |
|    2     2    16 |
3 76
|    0     0     4 |
|    0     8     4 |
|    2     4    16 |
2 84
|    0     0     0 |
|    2     8     8 |
|    2     4    16 |
3 100
|    0     0     0 |
|    2     2    16 |
|    2     4    16 |
2 136
|    4     0     0 |
|    0     2     0 |
|    4     4    32 |
2 144
|    4     0     0 |
|    0     2     0 |
|    8     4    32 |
3 144
|    0     0     4 |
|    2     0     2 |
|    8     4    32 |
2 144
|    0     0     4 |
|    2     0     2 |
|    8     4    32 |
3 148
|    0     0     4 |
|    4     0     4 |
|    8     4    32 |
0 156
|    4     4     8 |
|    8     0    32 |
|    0     2     0 |
2 156
|    0     2     0 |
|    4     4     8 |
|    8     2    32 |
3 164
|    0     0     2 |
|    4     8     8 |
|    8     2    32 |
3 180
|    2     0     2 |
|    0     4    16 |
|    8     2    32 |
1 184
|    4     0     4 |
|    4    16     0 |
|    8     2    32 |
3 192
|    2     0     8 |
|    0     4    16 |
|    8     2    32 |
3 192
|    2     2     8 |
|    0     4    16 |
|    8     2    32 |
3 196
|    0     4     8 |
|    2     4    16 |
|    8     2    32 |
2 204
|    2     0     8 |
|    2     8    16 |
|    8     2    32 |
1 204
|    2     8     2 |
|    2     8    16 |
|    8     2    32 |
2 224
|    2     0     2 |
|    4    16    16 |
|    8     2    32 |
3 260
|    0     0     4 |
|    2     4    32 |
|    8     2    32 |
2 324
|    2     0     0 |
|    2     4     4 |
|    8     2    64 |
3 332
|    2     0     2 |
|    0     2     8 |
|    8     2    64 |
2 336
|    2     0     2 |
|    2     0     8 |
|    8     4    64 |
2 340
|    0     2     2 |
|    4     0     8 |
|    8     4    64 |
3 344
|    0     2     4 |
|    0     4     8 |
|    8     4    64 |
2 352
|    2     0     4 |
|    0     2     8 |
|    8     8    64 |
3 368
|    2     2     4 |
|    0     2     8 |
|    0    16    64 |
2 372
|    2     0     4 |
|    0     4     8 |
|    2    16    64 |
2 376
|    0     0     4 |
|    2     4     8 |
|    4    16    64 |
1 376
|    4     2     0 |
|    2     4     8 |
|    4    16    64 |
3 376
|    2     4     2 |
|    2     4     8 |
|    4    16    64 |
2 388
|    2     0     2 |
|    4     8     8 |
|    4    16    64 |
1 408
|    4     0     2 |
|    4    16     0 |
|    4    16    64 |
2 448
|    0     2     0 |
|    4     0     2 |
|    8    32    64 |
2 448
|    0     2     0 |
|    4     2     2 |
|    8    32    64 |
3 452
|    0     2     2 |
|    0     4     4 |
|    8    32    64 |
3 464
|    2     0     4 |
|    0     0     8 |
|    8    32    64 |
2 464
|    0     0     4 |
|    2     2     8 |
|    8    32    64 |
3 468
|    2     0     4 |
|    0     4     8 |
|    8    32    64 |
2 468
|    0     2     4 |
|    2     4     8 |
|    8    32    64 |
1 468
|    2     4     4 |
|    2     4     8 |
|    8    32    64 |
2 480
|    0     2     4 |
|    4     8     8 |
|    8    32    64 |
3 496
|    2     2     4 |
|    0     4    16 |
|    8    32    64 |
3 500
|    2     4     4 |
|    0     4    16 |
|    8    32    64 |
2 508
|    0     2     4 |
|    2     8    16 |
|    8    32    64 |
1 508
|    2     4     2 |
|    2     8    16 |
|    8    32    64 |
2 512
|    2     4     2 |
|    4     8    16 |
|    8    32    64 |
GAME OVER
|    2     2     0 |
|    0     0     0 |
|    0     0     0 |
3 4
|    0     0     4 |
|    0     2     0 |
|    0     0     0 |
0 4
|    0     2     4 |
|    0     2     0 |
|    0     0     0 |
0 8
|    0     4     4 |
|    0     0     2 |
|    0     0     0 |
3 16
|    0     0     8 |
|    0     0     2 |
|    2     0     0 |
0 16
|    2     2     8 |
|    0     0     2 |
|    0     0     0 |
3 20
|    2     4     8 |
|    0     0     2 |
|    0     0     0 |
1 20
|    2     4     8 |
|    2     0     0 |
|    2     0     0 |
0 24
|    4     4     8 |
|    2     0     0 |
|    2     0     0 |
3 32
|    0     8     8 |
|    2     0     2 |
|    0     0     2 |
3 52
|    0     0    16 |
|    2     0     4 |
|    0     0     2 |
0 52
|    2     0    16 |
|    0     0     4 |
|    0     2     2 |
0 52
|    2     2    16 |
|    0     2     4 |
|    0     0     2 |
0 56
|    2     4    16 |
|    0     0     4 |
|    0     2     2 |
1 60
|    2     4    16 |
|    4     2     0 |
|    4     0     0 |
3 60
|    2     4    16 |
|    2     4     2 |
|    0     0     4 |
0 72
|    4     8    16 |
|    2     0     2 |
|    0     0     4 |
3 76
|    4     8    16 |
|    0     2     4 |
|    0     0     4 |
0 84
|    4     8    16 |
|    0     2     8 |
|    2     0     0 |
1 84
|    4     8    16 |
|    2     8     0 |
|    2     2     0 |
0 104
|    4    16    16 |
|    4     2     0 |
|    4     0     0 |
3 136
|    4     4    32 |
|    0     4     2 |
|    0     0     4 |
0 144
|    4     8    32 |
|    0     0     2 |
|    2     0     4 |
0 144
|    4     8    32 |
|    2     0     2 |
|    0     2     4 |
3 148
|    4     8    32 |
|    0     2     4 |
|    0     2     4 |
0 160
|    4     8    32 |
|    2     4     8 |
|    0     0     0 |
2 160
|    0     0     2 |
|    4     8    32 |
|    2     4     8 |
0 160
|    4     8     2 |
|    2     4    32 |
|    4     0     8 |
3 160
|    4     8     2 |
|    2     4    32 |
|    2     4     8 |
0 172
|    4     8     2 |
|    4     8    32 |
|    0     4     8 |
0 196
|    8    16     2 |
|    2     4    32 |
|    0     0     8 |
2 196
|    2     0     2 |
|    8    16    32 |
|    2     4     8 |
0 196
|    2    16     2 |
|    8     4    32 |
|    2     2     8 |
3 200
|    2    16     2 |
|    8     4    32 |
|    2     4     8 |
0 208
|    2    16     2 |
|    8     8    32 |
|    2     2     8 |
3 228
|    2    16     2 |
|    2    16    32 |
|    0     4     8 |
0 264
|    4    32     2 |
|    0     4    32 |
|    2     0     8 |
1 264
|    4    32     2 |
|    4    32     2 |
|    2     8     0 |
0 340
|    8    64     4 |
|    2     8     0 |
|    0     2     0 |
3 340
|    8    64     4 |
|    2     2     8 |
|    0     0     2 |
1 344
|    8    64     4 |
|    4     8     2 |
|    2     0     0 |
3 344
|    8    64     4 |
|    4     8     2 |
|    2     0     2 |
0 348
|    8    64     4 |
|    4     8     4 |
|    2     0     2 |
0 356
|    8    64     8 |
|    4     8     2 |
|    2     2     0 |
3 360
|    8    64     8 |
|    4     8     2 |
|    0     2     4 |
1 360
|    8    64     8 |
|    4     8     2 |
|    2     4     2 |
0 364
|    8    64     8 |
|    4     8     4 |
|    2     4     2 |
GAME OVER
|    0     0     2 |
|    2     0     0 |
|    0     0     0 |
3 0
|    0     0     2 |
|    0     0     2 |
|    2     0     0 |
0 4
|    2     0     4 |
|    0     2     0 |
|    0     0     0 |
0 4
|    2     2     4 |
|    0     0     0 |
|    0     0     2 |
3 8
|    0     4     4 |
|    0     0     0 |
|    2     0     2 |
3 20
|    0     0     8 |
|    0     0     0 |
|    2     0     4 |
0 20
|    2     0     8 |
|    2     0     4 |
|    0     0     0 |
0 24
|    4     0     8 |
|    2     0     4 |
|    0     0     0 |
3 24
|    2     4     8 |
|    0     2     4 |
|    0     0     0 |
1 24
|    2     4     8 |
|    2     4     0 |
|    0     2     0 |
0 36
|    4     8     8 |
|    0     2     0 |
|    2     0     0 |
3 52
|    0     4    16 |
|    0     0     2 |
|    0     2     2 |
0 56
|    0     4    16 |
|    0     2     4 |
|    2     0     0 |
1 56
|    4    16     0 |
|    2     4     0 |
|    2     0     2 |
3 60
|    2     4    16 |
|    0     2     4 |
|    0     0     4 |
1 60
|    2     4    16 |
|    2     4     0 |
|    4     2     0 |
0 72
|    4     8    16 |
|    4     2     0 |
|    2     0     0 |
0 80
|    8     8    16 |
|    2     2     2 |
|    0     0     0 |
3 100
|    0    16    16 |
|    2     2     4 |
|    0     0     0 |
3 136
|    0     0    32 |
|    2     4     4 |
|    0     0     0 |
3 144
|    4     0    32 |
|    0     2     8 |
|    0     0     0 |
3 144
|    4     4    32 |
|    0     2     8 |
|    0     0     0 |
3 152
|    0     8    32 |
|    0     2     8 |
|    0     0     2 |
1 152
|    8    32     0 |
|    2     8     0 |
|    2     2     0 |
3 156
|    0     8    32 |
|    4     2     8 |
|    0     0     4 |
0 156
|    4     8    32 |
|    0     2     8 |
|    2     0     4 |
0 156
|    4     8    32 |
|    2     2     8 |
|    0     2     4 |
3 160
|    4     8    32 |
|    0     4     8 |
|    4     2     4 |
1 160
|    4     8    32 |
|    4     8     2 |
|    4     2     4 |
0 184
|    8    16    32 |
|    4     2     2 |
|    0     4     4 |
3 196
|    8    16    32 |
|    2     4     4 |
|    0     0     8 |
3 204
|    8    16    32 |
|    0     2     8 |
|    0     2     8 |
0 224
|    8    16    32 |
|    0     4    16 |
|    2     0     0 |
1 224
|    8    16    32 |
|    4    16     0 |
|    2     0     2 |
0 256
|    8    32    32 |
|    4     2     2 |
|    2     0     0 |
3 324
|    0     8    64 |
|    0     4     4 |
|    0     2     2 |
3 336
|    0     8    64 |
|    0     0     8 |
|    0     2     4 |
0 336
|    0     8    64 |
|    0     2     8 |
|    2     0     4 |
0 336
|    2     8    64 |
|    0     2     8 |
|    2     0     4 |
1 336
|    2     8    64 |
|    2     8     2 |
|    2     4     0 |
0 356
|    4    16    64 |
|    2     4     2 |
|    2     0     0 |
3 356
|    4    16    64 |
|    2     4     2 |
|    0     2     2 |
0 360
|    4    16    64 |
|    2     4     4 |
|    2     2     0 |
3 372
|    4    16    64 |
|    0     2     8 |
|    2     0     4 |
0 372
|    4    16    64 |
|    2     2     8 |
|    2     0     4 |
1 376
|    4    16    64 |
|    4     8     0 |
|    2     4     2 |
0 384
|    8    16    64 |
|    2     8     2 |
|    2     4     0 |
0 388
|    8    16    64 |
|    4     8     2 |
|    0     4     2 |
0 392
|    8    16    64 |
|    4     8     4 |
|    2     4     0 |
3 392
|    8    16    64 |
|    4     8     4 |
|    2     2     4 |
0 400
|    8    16    64 |
|    4     8     8 |
|    2     2     2 |
1 420
|    8    16    64 |
|    4    16     0 |
|    4     2     2 |
0 460
|    8    32    64 |
|    8     2     2 |
|    0     0     2 |
0 480
|   16    32    64 |
|    2     2     4 |
|    0     0     0 |
3 484
|   16    32    64 |
|    2     4     4 |
|    0     0     0 |
3 492
|   16    32    64 |
|    0     2     8 |
|    0     2     0 |
0 496
|   16    32    64 |
|    0     4     8 |
|    0     0     4 |
1 496
|   16    32    64 |
|    4     8     2 |
|    4     0     0 |
0 504
|   16    32    64 |
|    8     8     2 |
|    2     0     0 |
1 520
|   16    32    64 |
|   16     2     0 |
|    2     0     2 |
0 552
|   32    32    64 |
|    2     2     2 |
|    0     2     0 |
3 620
|    0    64    64 |
|    0     2     4 |
|    0     2     2 |
3 752
|    2     0   128 |
|    0     2     4 |
|    0     0     4 |
0 760
|    2     2   128 |
|    0     0     8 |
|    0     0     2 |
1 764
|    4   128     0 |
|    8     0     0 |
|    2     2     0 |
3 768
|    0     4   128 |
|    0     2     8 |
|    0     0     4 |
1 768
|    4   128     0 |
|    2     8     0 |
|    4     2     0 |
3 768
|    0     4   128 |
|    2     2     8 |
|    0     4     2 |
3 772
|    0     4   128 |
|    2     4     8 |
|    0     4     2 |
0 780
|    2     8   128 |
|    2     4     8 |
|    0     0     2 |
0 784
|    4     8   128 |
|    2     4     8 |
|    0     0     2 |
1 784
|    4     8   128 |
|    2     4     8 |
|    2     2     0 |
0 788
|    4     8   128 |
|    4     4     8 |
|    0     2     2 |
0 796
|    8     8   128 |
|    2     4     8 |
|    0     2     2 |
3 816
|    0    16   128 |
|    2     4     8 |
|    2     0     4 |
0 820
|    4    16   128 |
|    2     4     8 |
|    0     0     4 |
1 820
|    4    16   128 |
|    2     4     8 |
|    4     0     4 |
3 828
|    4    16   128 |
|    2     4     8 |
|    2     0     8 |
0 848
|    4    16   128 |
|    4     4    16 |
|    0     2     0 |
3 856
|    4    16   128 |
|    2     8    16 |
|    0     0     2 |
1 856
|    4    16   128 |
|    2     8    16 |
|    2     0     4 |
0 860
|    4    16   128 |
|    4     8    16 |
|    0     2     4 |
0 868
|    8    16   128 |
|    0     8    16 |
|    4     2     4 |
0 868
|    8    16   128 |
|    4     8    16 |
|    2     2     4 |
1 872
|    8    16   128 |
|    4     8    16 |
|    4     4     2 |
0 880
|    8    16   128 |
|    8     8    16 |
|    2     4     2 |
0 896
|   16    16   128 |
|    2     8    16 |
|    2     4     2 |
3 928
|    2    32   128 |
|    2     8    16 |
|    2     4     2 |
0 932
|    4    32   128 |
|    2     8    16 |
|    2     4     2 |
0 936
|    4    32   128 |
|    4     8    16 |
|    2     4     2 |
0 944
|    8    32   128 |
|    2     8    16 |
|    2     4     2 |
0 948
|    8    32   128 |
|    4     8    16 |
|    2     4     2 |
GAME OVER
|    0     2     0 |
|    0     0     0 |
|    0     0     2 |
2 0
|    0     0     0 |
|    0     0     0 |
|    2     2     2 |
3 4
|    0     2     0 |
|    0     0     0 |
|    0     2     4 |
2 8
|    0     0     2 |
|    0     0     0 |
|    0     4     4 |
3 16
|    0     0     2 |
|    0     0     0 |
|    2     0     8 |
2 16
|    0     2     0 |
|    0     0     2 |
|    2     0     8 |
2 16
|    2     0     0 |
|    0     0     2 |
|    2     2     8 |
3 20
|    2     0     2 |
|    0     0     2 |
|    0     4     8 |
2 24
|    2     0     0 |
|    0     0     4 |
|    2     4     8 |
2 28
|    0     0     0 |
|    2     0     4 |
|    4     4     8 |
1 36
|    0     2     0 |
|    2     4     0 |
|    8     8     0 |
3 52
|    0     0     2 |
|    0     2     4 |
|    0     2    16 |
2 56
|    0     0     2 |
|    0     0     4 |
|    2     4    16 |
1 56
|    2     0     0 |
|    4     0     2 |
|    2     4    16 |
3 56
|    2     0     2 |
|    0     4     2 |
|    2     4    16 |
2 72
|    0     0     0 |
|    2     0     4 |
|    4     8    16 |
3 72
|    2     0     0 |
|    0     2     4 |
|    4     8    16 |
2 72
|    0     0     2 |
|    2     2     4 |
|    4     8    16 |
3 76
|    0     0     2 |
|    2     4     4 |
|    4     8    16 |
1 84
|    2     2     0 |
|    2     8     0 |
|    4     8    16 |
2 104
|    0     2     0 |
|    4     2     0 |
|    4    16    16 |
3 136
|    4     0     2 |
|    0     4     2 |
|    0     4    32 |
2 148
|    4     0     0 |
|    0     0     4 |
|    4     8    32 |
2 156
|    0     0     2 |
|    0     0     4 |
|    8     8    32 |
3 172
|    2     0     2 |
|    0     0     4 |
|    0    16    32 |
2 172
|    0     0     2 |
|    4     0     4 |
|    2    16    32 |
3 180
|    0     2     2 |
|    0     0     8 |
|    2    16    32 |
2 180
|    0     0     2 |
|    2     2     8 |
|    2    16    32 |
3 184
|    0     0     2 |
|    4     4     8 |
|    2    16    32 |
3 192
|    2     0     2 |
|    0     8     8 |
|    2    16    32 |
3 212
|    0     0     4 |
|    0     4    16 |
|    2    16    32 |
1 212
|    4     2     0 |
|    4    16     0 |
|    2    16    32 |
2 252
|    0     2     0 |
|    8     2     0 |
|    2    32    32 |
2 256
|    0     0     2 |
|    8     4     0 |
|    2    32    32 |
3 320
|    2     0     2 |
|    0     8     4 |
|    0     2    64 |
2 320
|    0     0     2 |
|    2     8     4 |
|    2     2    64 |
3 324
|    0     2     2 |
|    2     8     4 |
|    0     4    64 |
2 324
|    0     2     2 |
|    2     8     4 |
|    2     4    64 |
2 328
|    0     2     2 |
|    2     8     4 |
|    4     4    64 |
3 340
|    2     0     4 |
|    2     8     4 |
|    0     8    64 |
2 368
|    0     0     0 |
|    2     0     8 |
|    4    16    64 |
3 368
|    0     0     2 |
|    0     2     8 |
|    4    16    64 |
1 368
|    2     0     0 |
|    2     8     2 |
|    4    16    64 |
3 368
|    2     0     2 |
|    2     8     2 |
|    4    16    64 |
2 376
|    2     0     0 |
|    4     8     4 |
|    4    16    64 |
3 376
|    2     0     2 |
|    4     8     4 |
|    4    16    64 |
3 380
|    0     2     4 |
|    4     8     4 |
|    4    16    64 |
2 396
|    2     2     0 |
|    0     8     8 |
|    8    16    64 |
3 416
|    0     2     4 |
|    0     0    16 |
|    8    16    64 |
1 416
|    2     4     0 |
|   16     0     2 |
|    8    16    64 |
3 416
|    0     2     4 |
|    2    16     2 |
|    8    16    64 |
2 448
|    2     0     4 |
|    2     2     2 |
|    8    32    64 |
1 452
|    2     4     0 |
|    4     2     2 |
|    8    32    64 |
3 456
|    0     2     4 |
|    2     4     4 |
|    8    32    64 |
1 464
|    2     4     0 |
|    2     8     2 |
|    8    32    64 |
2 468
|    2     4     0 |
|    4     8     2 |
|    8    32    64 |
3 468
|    2     2     4 |
|    4     8     2 |
|    8    32    64 |
1 472
|    4     4     4 |
|    4     8     2 |
|    8    32    64 |
2 480
|    2     4     4 |
|    8     8     2 |
|    8    32    64 |
2 496
|    2     4     4 |
|    2     8     2 |
|   16    32    64 |
2 500
|    2     4     4 |
|    4     8     2 |
|   16    32    64 |
1 508
|    2     8     2 |
|    4     8     2 |
|   16    32    64 |
2 528
|    2     0     2 |
|    4    16     4 |
|   16    32    64 |
3 532
|    2     0     4 |
|    4    16     4 |
|   16    32    64 |
2 540
|    2     2     0 |
|    4    16     8 |
|   16    32    64 |
3 544
|    2     0     4 |
|    4    16     8 |
|   16    32    64 |
3 544
|    2     2     4 |
|    4    16     8 |
|   16    32    64 |
3 548
|    2     4     4 |
|    4    16     8 |
|   16    32    64 |
3 556
|    2     2     8 |
|    4    16     8 |
|   16    32    64 |
2 572
|    2     2     2 |
|    4    16    16 |
|   16    32    64 |
1 608
|    4     2     2 |
|    4    32     0 |
|   16    32    64 |
2 680
|    2     0     0 |
|    8     2     2 |
|   16    64    64 |
3 812
|    0     0     2 |
|    2     8     4 |
|    0    16   128 |
2 812
|    0     0     2 |
|    2     8     4 |
|    2    16   128 |
2 816
|    0     2     2 |
|    0     8     4 |
|    4    16   128 |
3 820
|    0     2     4 |
|    0     8     4 |
|    4    16   128 |
2 828
|    0     2     0 |
|    2     8     8 |
|    4    16   128 |
3 844
|    0     0     2 |
|    4     2    16 |
|    4    16   128 |
1 844
|    2     0     4 |
|    4     2    16 |
|    4    16   128 |
2 852
|    2     0     4 |
|    2     2    16 |
|    8    16   128 |
2 856
|    0     2     4 |
|    4     2    16 |
|    8    16   128 |
2 860
|    2     0     4 |
|    4     4    16 |
|    8    16   128 |
1 868
|    2     4     0 |
|    8    16     4 |
|    8    16   128 |
2 916
|    0     2     0 |
|    2     4     4 |
|   16    32   128 |
3 924
|    0     0     2 |
|    4     2     8 |
|   16    32   128 |
1 924
|    2     2     0 |
|    4     2     8 |
|   16    32   128 |
2 928
|    2     0     2 |
|    4     4     8 |
|   16    32   128 |
3 940
|    0     2     4 |
|    0     8     8 |
|   16    32   128 |
3 956
|    2     2     4 |
|    0     0    16 |
|   16    32   128 |
1 960
|    4     4     0 |
|   16     2     0 |
|   16    32   128 |
2 992
|    0     4     2 |
|    4     2     0 |
|   32    32   128 |
3 1056
|    0     4     2 |
|    0     4     2 |
|    2    64   128 |
2 1068
|    0     2     0 |
|    0     8     4 |
|    2    64   128 |
3 1068
|    0     2     2 |
|    0     8     4 |
|    2    64   128 |
3 1072
|    2     0     4 |
|    0     8     4 |
|    2    64   128 |
2 1084
|    0     2     0 |
|    0     8     8 |
|    4    64   128 |
3 1100
|    0     0     2 |
|    2     0    16 |
|    4    64   128 |
3 1100
|    0     2     2 |
|    0     2    16 |
|    4    64   128 |
2 1104
|    0     0     2 |
|    2     4    16 |
|    4    64   128 |
1 1104
|    2     0     2 |
|    2     4    16 |
|    4    64   128 |
2 1108
|    0     2     2 |
|    4     4    16 |
|    4    64   128 |
2 1116
|    2     2     2 |
|    0     4    16 |
|    8    64   128 |
3 1120
|    0     2     4 |
|    2     4    16 |
|    8    64   128 |
1 1120
|    2     4     2 |
|    2     4    16 |
|    8    64   128 |
2 1132
|    0     2     2 |
|    4     8    16 |
|    8    64   128 |
1 1136
|    4     2     0 |
|    4     8    16 |
|    8    64   128 |
2 1144
|    4     2     0 |
|    8     8    16 |
|    8    64   128 |
3 1160
|    2     4     2 |
|    0    16    16 |
|    8    64   128 |
3 1192
|    2     4     2 |
|    2     0    32 |
|    8    64   128 |
2 1196
|    0     2     2 |
|    4     4    32 |
|    8    64   128 |
3 1208
|    0     2     4 |
|    0     8    32 |
|    8    64   128 |
1 1208
|    2     4     4 |
|    8    32     0 |
|    8    64   128 |
2 1224
|    0     4     2 |
|    2    32     4 |
|   16    64   128 |
3 1224
|    0     4     2 |
|    2    32     4 |
|   16    64   128 |
1 1224
|    4     2     2 |
|    2    32     4 |
|   16    64   128 |
1 1228
|    4     4     2 |
|    2    32     4 |
|   16    64   128 |
1 1236
|    8     2     2 |
|    2    32     4 |
|   16    64   128 |
1 1240
|    8     4     2 |
|    2    32     4 |
|   16    64   128 |
GAME OVER
